
No data...
No data...
No data...
No data...
No data...
No data...
No data...
No data...
No data...
No data...
8801
1043
996
973
966
966
969
973
974
996
1016
1032
1053
1070
1084
1098
1109
1119
1128
1137
1146
1153
1162
1170
1177
1187
1195
1206
1215
1225
1235
1244
1254
1263
1272
1280
1290
1300
1312
1322
1332
1343
1353
1363
1373
1383
1393
1401
1410
1421
1430
1438
1443
1440
1433
1426
1421
1424
1429
1436
1438
1437
1432
1427
1424
1425
1429
1432
1437
1435
1432
1428
1426
1427
1428
1432
1434
1435
1432
1429
1427
1427
1429
1432
1433
1433
1432
1429
1428
1428
1429
1431
1433
1432
1432
1431
1429
1428
1430
1430
1433
1432
1432
1431
1429
1429
1428
1431
1431
1432
1429
1429
1428
1429
1430
1432
1432
1432
1429
1429
1428
1430
1430
1431
1432
1431
1429
1429
1429
1430
1432
1432
1431
1429
1428
1429
1430
1431
1432
1431
1430
1430
1429
1428
1431
1432
1431
1430
1430
1430
1429
1430
1431
1430
1430
1430
1429
1429
1431
1430
1432
1431
1430
1430
1429
1429
1430
1432
1431
1430
1430
1428
1429
1429
1431
1431
1431
1431
1429
1429
1429
1430
1432
1431
1430
1429
1429
1429
1431
1430
1432
1431
1430
1430
1429
1430
1430
1431
1432
1431
1430
1429
1429
1430
1430
1431
1431
1430
1430
1428
1429
1430
1431
1431
1431
1430
1429
1428
1429
1431
1431
1431
1430
1429
1429
1429
1430
1431
1432
1431
1430
1429
1430
1430
1430
1430
1431
1430
1430
1430
1429
1430
1430
1431
1431
1430
1430
1431
1429
1431
1430
1431
1431
1430
1431
1431
1431
1430
1431
1431
1431
1430
1431
1431
1432
1431
1432
1432
1432
1431
1432
1432
1432
1433
1432
1433
1433
1432
1433
1434
1434
1434
1433
1435
1436
1435
1435
1436
1435
1437
1437
1437
1437
1438
1438
1437
1438
1438
1438
1438
1438
1438
1439
1439
1439
1440
1441
1441
1441
1442
1442
1442
1442
1443
1443
1442
1443
1443
1443
1444
1443
1444
1445
1445
1444
1445
1446
1445
1446
1446
1447
1447
1447
1447
1448
1448
1449
1449
1449
1449
1449
1449
1449
1449
1449
1450
1450
1450
1451
1451
1451
1451
1452
1452
1452
1453
1453
1453
1454
1454
1454
1454
1455
1455
1455
1455
1455
1455
1455
1455
1456
1456
1456
1457
1456
1457
1457
1457
1457
1458
1458
1458
1458
1459
1459
1459
1459
1460
1460
1460
1460
1460
1460
1461
1460
1461
1461
1460
1461
1461
1461
1462
1462
1462
1462
1463
1463
1463
1463
1464
1463
1463
1463
1465
1465
1465
1465
1465
1465
1466
1466
1466
1466
1466
1466
1466
1466
1466
1466
1466
1467
1467
1467
1467
1467
1468
1469
1467
1468
1469
1469
1469
1469
1470
1469
1469
1470
1470
1471
1470
1470
1471
1471
1470
1471
1471
1472
1471
1471
1471
1472
1471
1472
1472
1472
1472
1472
1472
1472
1472
1473
1473
1472
1473
1473
1472
1473
1473
1473
1473
1474
1474
1474
1474
1474
1474
1474
1475
1475
1476
1475
1475
1475
1476
1476
1476
1476
1476
1476
1476
1476
1476
1476
1477
1477
1477
1477
1477
1477
1477
1477
1477
1477
1477
1477
1477
1477
1477
1477
1478
1477
1477
1478
1478
1478
1479
1478
1478
1478
1478
1479
1480
1479
1479
1479
1479
1479
1480
1480
1480
1480
1480
1481
1480
1480
1481
1482
1482
1481
1481
1481
1480
1482
1482
1481
1481
1481
1482
1482
1482
1482
1482
1483
1483
1482
1482
1482
1483
1483
1482
1483
1483
1483
1483
1482
1483
1483
1483
1483
1483
1484
1483
1483
1483
1483
1483
1483
1483
1483
1483
1484
1483
1483
1483
1483
1483
1484
1483
1484
1483
1485
1485
1484
1485
1484
1484
1485
1485
1484
1485
1485
1485
1485
1485
1485
1486
1484
1485
1486
1485
1485
1485
1485
1486
1485
1485
1485
1485
1485
1486
1487
8802
2030
2030
2030
2030
2030
2030
2030
2030
2030
2030
2030
2030
2030
2030
2030
2030
2030
2030
2030
2030
2030
2030
2030
2030
2030
2030
2030
2030
2030
2030
2030
2030
2030
2030
2030
2030
2030
2030
2030
2030
2030
2030
2030
2030
2030
2030
2030
2030
2030
2030
2030
2030
2030
2030
2030
2030
2030
2030
2030
2030
2030
2030
2030
2030
2030
2030
2030
2030
2030
2030
2030
2030
2030
2030
2030
2030
2030
2030
2030
2030
2030
2030
2030
2030
2030
2030
2030
2030
2030
2030
2030
2030
2030
2030
2030
2030
2030
2030
2030
2030
2030
2030
2030
2030
2030
2030
2030
2030
2030
2030
2030
2030
2030
2030
2030
2030
2030
2030
2030
2030
2030
2030
2030
2030
2030
2030
2030
2030
2030
2030
2030
2030
2030
2030
2030
2030
2030
2030
2030
2030
2030
2030
2030
2030
2030
2030
2030
2030
2030
2030
2030
2030
2030
2030
2030
2030
2030
2030
2030
2030
2030
2030
2030
2030
2030
2030
2030
2030
2030
2030
2030
2030
2030
2030
2030
2030
2030
2030
2030
2030
2030
2030
2030
2030
2030
2030
2030
2030
2030
2030
2030
2030
2030
2030
2030
2030
2030
2030
2030
2030
2030
2030
2030
2030
2030
2030
2030
2030
2030
2030
2030
2030
2030
2030
2030
2030
2030
2030
2030
2030
2030
2030
2030
2030
2030
2030
2030
2030
2030
2030
2030
2030
2030
2030
2030
2030
2030
2030
2030
2030
2030
2030
2030
2030
2030
2030
2030
2030
2030
2030
2030
2030
2030
2030
2030
2030
2030
2030
2030
2030
2030
2030
2030
2030
2030
2030
2030
2030
2030
2030
2030
2030
2030
2030
2030
2030
2030
2030
2030
2030
2030
2030
2030
2030
2030
2030
2030
2030
2030
2030
2030
2030
2030
2030
2030
2030
2030
2030
2030
2030
2030
2030
2030
2030
2030
2030
2030
2030
2030
2030
2030
2030
2030
2030
2030
2030
2030
2030
2030
2030
2030
2030
2030
2030
2030
2030
2030
2030
2030
2030
2030
2030
2030
2030
2030
2030
2030
2030
2030
2030
2030
2030
2030
2030
2030
2030
2030
2030
2030
2030
2030
2030
2030
2030
2030
2030
2030
2030
2030
2030
2030
2030
2030
2030
2030
2030
2030
2030
2030
2030
2030
2030
2030
2030
2030
2030
2030
2030
2030
2030
2030
2030
2030
2030
2030
2030
2030
2030
2030
2030
2030
2030
2030
2030
2030
2030
2030
2030
2030
2030
2030
2030
2030
2030
2030
2030
2030
2030
2030
2030
2030
2030
2030
2030
2030
2030
2030
2030
2030
2030
2030
2030
2030
2030
2030
2030
2030
2030
2030
2030
2030
2030
2030
2030
2030
2030
2030
2030
2030
2030
2030
2030
2030
2030
2030
2030
2030
2030
2030
2030
2030
2030
2030
2030
2030
2030
2030
2030
2030
2030
2030
2030
2030
2030
2030
2030
2030
2030
2030
2030
2030
2030
2030
2030
2030
2030
2030
2030
2030
2030
2030
2030
2030
2030
2030
2030
2030
2030
2030
2030
2030
2030
2030
2030
2030
2030
2030
2030
2030
2030
2030
2030
2030
2030
2030
2030
2030
2030
2030
2030
2030
2030
2030
2030
2030
2030
2030
2030
2030
2030
2030
2030
2030
2030
2030
2030
2030
2030
2030
2030
2030
2030
2030
2030
2030
2030
2030
2030
2030
2030
2030
2030
2030
2030
2030
2030
2030
2030
2030
2030
2030
2030
2030
2030
2030
2030
2030
2030
2030
2030
2030
2030
2030
2030
2030
2030
2030
2030
2030
2030
2030
2030
2030
2030
2030
2030
2030
2030
2030
2030
2030
2030
2030
2030
2030
2030
2030
2030
2030
2030
2030
2030
2030
2030
2030
2030
2030
2030
2030
2030
2030
2030
2030
2030
2030
2030
2030
2030
2030
2030
2030
2030
2030
2030
2030
2030
2030
2030
2030
2030
2030
2030
2030
2030
2030
2030
2030
2030
2030
2030
8803
1013
970
950
942
939
941
945
947
977
1002
1026
1045
1061
1077
1091
1104
1117
1127
1137
1147
1157
1166
1176
1188
1199
1213
1225
1237
1249
1262
1274
1284
1296
1310
1321
1331
1341
1351
1362
1372
1381
1390
1400
1408
1419
1427
1435
1439
1439
1435
1429
1426
1426
1429
1431
1433
1434
1432
1430
1428
1428
1429
1430
1432
1431
1430
1430
1430
1430
1431
1431
1431
1429
1430
1430
1430
1429
1430
1430
1431
1430
1430
1431
1430
1431
1431
1430
1430
1429
1431
1430
1430
1431
1431
1430
1430
1430
1428
1430
1431
1430
1430
1430
1431
1430
1430
1429
1430
1430
1431
1430
1430
1430
1430
1429
1430
1430
1430
1431
1430
1430
1429
1430
1431
1430
1430
1431
1430
1431
1430
1430
1430
1430
1431
1430
1431
1430
1431
1430
1431
1431
1430
1430
1430
1430
1430
1430
1431
1430
1430
1430
1430
1430
1430
1430
1430
1431
1431
1431
1430
1430
1429
1431
1431
1430
1430
1430
1430
1430
1431
1430
1430
1430
1430
1429
1431
1430
1430
1431
1430
1431
1430
1430
1431
1430
1430
1430
1430
1431
1430
1430
1430
1430
1430
1430
1430
1430
1431
1430
1431
1430
1430
1430
1430
1430
1430
1431
1431
1430
1431
1430
1430
1430
1430
1430
1430
1430
1430
1430
1430
1430
1431
1431
1430
1429
1429
1429
1431
1431
1431
1430
1430
1430
1430
1431
1431
1430
1431
1429
1430
1430
1430
1431
1430
1430
1430
1430
1430
1430
1430
1430
1430
1431
1430
1431
1430
1430
1430
1431
1430
1430
1430
1429
1429
1430
1430
1430
1430
1430
1430
1430
1430
1429
1430
1431
1429
1430
1430
1430
1430
1430
1430
1431
1431
1429
1429
1432
1429
1429
1431
1430
1429
1430
1430
1429
1430
1431
1429
1430
1430
1430
1430
1430
1430
1431
1431
1431
1431
1431
1431
1431
1432
1432
1432
1431
1432
1431
1432
1432
1432
1432
1433
1433
1433
1433
1433
1433
1434
1435
1434
1435
1435
1436
1435
1436
1436
1436
1436
1437
1437
1437
1437
1437
1438
1438
1438
1438
1438
1438
1439
1439
1439
1438
1439
1439
1440
1440
1439
1441
1441
1441
1442
1442
1442
1442
1443
1443
1444
1443
1443
1443
1443
1444
1444
1444
1445
1444
1445
1445
1446
1447
1446
1447
1447
1447
1447
1448
1448
1448
1449
1449
1448
1449
1449
1449
1449
1449
1450
1450
1450
1451
1450
1451
1451
1452
1451
1452
1452
1451
1453
1453
1453
1453
1452
1454
1452
1454
1454
1453
1454
1455
1454
1455
1455
1455
1455
1456
1456
1456
1455
1456
1456
1457
1457
1457
1457
1458
1457
1457
1458
1459
1458
1458
1459
1460
1458
1459
1459
1459
1460
1460
1459
1460
1460
1460
1460
1460
1460
1460
1461
1461
1460
1461
1461
1461
1462
1462
1462
1462
1463
1462
1462
1462
1462
1462
1462
1463
1464
1463
1463
1463
1464
1463
1464
1465
1465
1464
1464
1465
1464
1465
1465
1466
1466
1466
1466
1466
1466
1466
1466
1466
1466
1466
1467
1466
1466
1466
1466
1466
1467
1467
1467
1466
1467
1468
1467
1468
1467
1468
1467
1468
1468
1467
1468
1468
1468
1469
1469
1469
1469
1469
1469
1469
1469
1470
1469
1470
1470
1469
1470
1471
1470
1471
1470
1470
1471
1470
1471
1472
1472
1471
1471
1471
1472
1472
1471
1471
1472
1472
1472
1472
1472
1472
1472
1472
1472
1472
1472
1472
1472
1472
1472
1472
1472
1473
1472
1472
1473
1472
1472
1473
1473
1473
1474
1474
1472
1472
1474
1474
1473
1474
1474
1475
1474
1476
1474
1474
1474
1474
1474
1474
1474
1474
1474
1475
1475
1476
1475
1476
1475
1476
1475
1476
1476
1475
1475
1476
1475
1476
1475
1476
1476
1475
1475
1475
1476
1476
1477
1476
1476
8804
2030
2030
2030
2030
2030
2030
2030
2030
2030
2030
2030
2030
2030
2030
2030
2030
2030
2030
2030
2030
2030
2030
2030
2030
2030
2030
2030
2030
2030
2030
2030
2030
2030
2030
2030
2030
2030
2030
2030
2030
2030
2030
2030
2030
2030
2030
2030
2030
2030
2030
2030
2030
2030
2030
2030
2030
2030
2030
2030
2030
2030
2030
2030
2030
2030
2030
2030
2030
2030
2030
2030
2030
2030
2030
2030
2030
2030
2030
2030
2030
2030
2030
2030
2030
2030
2030
2030
2030
2030
2030
2030
2030
2030
2030
2030
2030
2030
2030
2030
2030
2030
2030
2030
2030
2030
2030
2030
2030
2030
2030
2030
2030
2030
2030
2030
2030
2030
2030
2030
2030
2030
2030
2030
2030
2030
2030
2030
2030
2030
2030
2030
2030
2030
2030
2030
2030
2030
2030
2030
2030
2030
2030
2030
2030
2030
2030
2030
2030
2030
2030
2030
2030
2030
2030
2030
2030
2030
2030
2030
2030
2030
2030
2030
2030
2030
2030
2030
2030
2030
2030
2030
2030
2030
2030
2030
2030
2030
2030
2030
2030
2030
2030
2030
2030
2030
2030
2030
2030
2030
2030
2030
2030
2030
2030
2030
2030
2030
2030
2030
2030
2030
2030
2030
2030
2030
2030
2030
2030
2030
2030
2030
2030
2030
2030
2030
2030
2030
2030
2030
2030
2030
2030
2030
2030
2030
2030
2030
2030
2030
2030
2030
2030
2030
2030
2030
2030
2030
2030
2030
2030
2030
2030
2030
2030
2030
2030
2030
2030
2030
2030
2030
2030
2030
2030
2030
2030
2030
2030
2030
2030
2030
2030
2030
2030
2030
2030
2030
2030
2030
2030
2030
2030
2030
2030
2030
2030
2030
2030
2030
2030
2030
2030
2030
2030
2030
2030
2030
2030
2030
2030
2030
2030
2030
2030
2030
2030
2030
2030
2030
2030
2030
2030
2030
2030
2030
2030
2030
2030
2030
2030
2030
2030
2030
2030
2030
2030
2030
2030
2030
2030
2030
2030
2030
2030
2030
2030
2030
2030
2030
2030
2030
2030
2030
2030
2030
2030
2030
2030
2030
2030
2030
2030
2030
2030
2030
2030
2030
2030
2030
2030
2030
2030
2030
2030
2030
2030
2030
2030
2030
2030
2030
2030
2030
2030
2030
2030
2030
2030
2030
2030
2030
2030
2030
2030
2030
2030
2030
2030
2030
2030
2030
2030
2030
2030
2030
2030
2030
2030
2030
2030
2030
2030
2030
2030
2030
2030
2030
2030
2030
2030
2030
2030
2030
2030
2030
2030
2030
2030
2030
2030
2030
2030
2030
2030
2030
2030
2030
2030
2030
2030
2030
2030
2030
2030
2030
2030
2030
2030
2030
2030
2030
2030
2030
2030
2030
2030
2030
2030
2030
2030
2030
2030
2030
2030
2030
2030
2030
2030
2030
2030
2030
2030
2030
2030
2030
2030
2030
2030
2030
2030
2030
2030
2030
2030
2030
2030
2030
2030
2030
2030
2030
2030
2030
2030
2030
2030
2030
2030
2030
2030
2030
2030
2030
2030
2030
2030
2030
2030
2030
2030
2030
2030
2030
2030
2030
2030
2030
2030
2030
2030
2030
2030
2030
2030
2030
2030
2030
2030
2030
2030
2030
2030
2030
2030
2030
2030
2030
2030
2030
2030
2030
2030
2030
2030
2030
2030
2030
2030
2030
2030
2030
2030
2030
2030
2030
2030
2030
2030
2030
2030
2030
2030
2030
2030
2030
2030
2030
2030
2030
2030
2030
2030
2030
2030
2030
2030
2030
2030
2030
2030
2030
2030
2030
2030
2030
2030
2030
2030
2030
2030
2030
2030
2030
2030
2030
2030
2030
2030
2030
2030
2030
2030
2030
2030
2030
2030
2030
2030
2030
2030
2030
2030
2030
2030
2030
2030
2030
2030
2030
2030
2030
2030
2030
2030
2030
2030
2030
2030
2030
2030
2030
2030
2030
2030
2030
2030
2030
2030
2030
2030
2030
2030
2030
2030
2030
2030
2030
2030
2030
2030
8805
992
951
933
924
921
922
925
927
959
991
1017
1041
1059
1077
1092
1108
1122
1134
1145
1157
1167
1178
1187
1197
1210
1223
1235
1247
1260
1270
1282
1294
1304
1317
1326
1336
1347
1355
1364
1373
1382
1391
1400
1408
1418
1427
1432
1439
1439
1436
1429
1426
1426
1428
1432
1433
1434
1432
1430
1428
1429
1429
1432
1432
1432
1431
1429
1429
1430
1430
1432
1431
1430
1430
1430
1431
1431
1431
1430
1430
1431
1430
1430
1431
1430
1430
1431
1430
1430
1429
1431
1430
1430
1430
1431
1429
1430
1431
1431
1431
1430
1431
1429
1430
1431
1429
1430
1429
1430
1430
1431
1431
1431
1431
1430
1430
1431
1430
1430
1431
1430
1430
1430
1430
1430
1431
1431
1429
1429
1430
1431
1431
1431
1431
1430
1430
1430
1430
1430
1430
1429
1431
1430
1429
1430
1430
1431
1430
1431
1430
1430
1429
1430
1430
1430
1429
1430
1430
1430
1430
1430
1430
1431
1430
1430
1429
1430
1430
1431
1430
1430
1430
1430
1429
1430
1430
1430
1431
1431
1431
1429
1430
1430
1431
1430
1431
1430
1429
1430
1430
1430
1431
1430
1430
1429
1430
1430
1430
1431
1430
1430
1430
1429
1430
1429
1429
1431
1431
1430
1430
1430
1431
1430
1431
1430
1430
1430
1430
1430
1430
1430
1430
1430
1429
1430
1430
1430
1430
1430
1430
1429
1430
1428
1430
1430
1429
1431
1430
1429
1430
1430
1430
1431
1431
1431
1430
1430
1430
1430
1430
1430
1431
1430
1431
1430
1431
1429
1431
1430
1431
1430
1431
1430
1430
1430
1430
1430
1430
1430
1430
1430
1430
1430
1431
1430
1430
1430
1430
1430
1430
1430
1430
1431
1430
1430
1430
1430
1430
1431
1430
1430
1430
1430
1430
1430
1429
1430
1430
1430
1430
1431
1430
1429
1429
1430
1430
1430
1431
1431
1430
1431
1430
1430
1429
1429
1430
1429
1430
1430
1430
1430
1429
1430
1430
1430
1430
1430
1430
1430
1430
1430
1430
1430
1429
1430
1430
1430
1429
1430
1430
1430
1430
1429
1430
1430
1429
1430
1429
1430
1429
1430
1430
1430
1429
1430
1431
1430
1430
1431
1430
1431
1430
1430
1429
1430
1429
1429
1430
1429
1430
1429
1430
1430
1430
1429
1430
1430
1430
1430
1430
1430
1429
1430
1429
1430
1429
1430
1430
1431
1429
1431
1430
1430
1431
1430
1429
1430
1430
1431
1430
1430
1429
1430
1430
1430
1430
1431
1430
1429
1429
1429
1429
1429
1431
1430
1430
1430
1429
1429
1430
1430
1430
1430
1431
1431
1430
1430
1429
1431
1430
1430
1430
1430
1430
1429
1430
1431
1430
1430
1430
1430
1430
1430
1430
1430
1429
1430
1430
1430
1431
1430
1430
1430
1430
1431
1430
1430
1430
1430
1430
1430
1430
1430
1429
1430
1430
1430
1430
1430
1430
1430
1430
1429
1430
1430
1430
1430
1430
1430
1430
1430
1430
1430
1431
1430
1430
1430
1430
1431
1430
1430
1429
1430
1431
1429
1430
1430
1430
1431
1430
1431
1430
1429
1430
1430
1430
1430
1430
1429
1429
1431
1431
1430
1430
1430
1430
1429
1429
1429
1430
1430
1430
1430
1430
1430
1429
1430
1431
1430
1430
1430
1430
1430
1430
1430
1430
1430
1429
1430
1430
1430
1429
1430
1429
1429
1429
1430
1430
1430
1430
1430
1430
1430
1430
1430
1431
1429
1430
1430
1430
1430
1430
1430
1431
1431
1430
1430
1430
1429
1430
1430
1430
1430
1430
1430
1430
1430
1430
1430
1430
1430
1430
1429
1430
1430
1430
1430
1430
1430
1430
1430
1431
1430
1430
1430
1430
1430
1430
1430
1430
1430
1431
1430
1429
1429
1431
1430
1430
1430
1430
1430
1430
1430
1431
1430
1430
1430
1430
1430
1431
1431
1430
1430
1429
1430
1431
1430
1429
1430
1430
8806
2030
2030
2030
2030
2030
2030
2030
2030
2030
2030
2030
2030
2030
2030
2030
2030
2030
2030
2030
2030
2030
2030
2030
2030
2030
2030
2030
2030
2030
2030
2030
2030
2030
2030
2030
2030
2030
2030
2030
2030
2030
2030
2030
2030
2030
2030
2030
2030
2030
2030
2030
2030
2030
2030
2030
2030
2030
2030
2030
2030
2030
2030
2030
2030
2030
2030
2030
2030
2030
2030
2030
2030
2030
2030
2030
2030
2030
2030
2030
2030
2030
2030
2030
2030
2030
2030
2030
2030
2030
2030
2030
2030
2030
2030
2030
2030
2030
2030
2030
2030
2030
2030
2030
2030
2030
2030
2030
2030
2030
2030
2030
2030
2030
2030
2030
2030
2030
2030
2030
2030
2030
2030
2030
2030
2030
2030
2030
2030
2030
2030
2030
2030
2030
2030
2030
2030
2030
2030
2030
2030
2030
2030
2030
2030
2030
2030
2030
2030
2030
2030
2030
2030
2030
2030
2030
2030
2030
2030
2030
2030
2030
2030
2030
2030
2030
2030
2030
2030
2030
2030
2030
2030
2030
2030
2030
2030
2030
2030
2030
2030
2030
2030
2030
2030
2030
2030
2030
2030
2030
2030
2030
2030
2030
2030
2030
2030
2030
2030
2030
2030
2030
2030
2030
2030
2030
2030
2030
2030
2030
2030
2030
2030
2030
2030
2030
2030
2030
2030
2030
2030
2030
2030
2030
2030
2030
2030
2030
2030
2030
2030
2030
2030
2030
2030
2030
2030
2030
2030
2030
2030
2030
2030
2030
2030
2030
2030
2030
2030
2030
2030
2030
2030
2030
2030
2030
2030
2030
2030
2030
2030
2030
2030
2030
2030
2030
2030
2030
2030
2030
2030
2030
2030
2030
2030
2030
2030
2030
2030
2030
2030
2030
2030
2030
2030
2030
2030
2030
2030
2030
2030
2030
2030
2030
2030
2030
2030
2030
2030
2030
2030
2030
2030
2030
2030
2030
2030
2030
2030
2030
2030
2030
2030
2030
2030
2030
2030
2030
2030
2030
2030
2030
2030
2030
2030
2030
2030
2030
2030
2030
2030
2030
2030
2030
2030
2030
2030
2030
2030
2030
2030
2030
2030
2030
2030
2030
2030
2030
2030
2030
2030
2030
2030
2030
2030
2030
2030
2030
2030
2030
2030
2030
2030
2030
2030
2030
2030
2030
2030
2030
2030
2030
2030
2030
2030
2030
2030
2030
2030
2030
2030
2030
2030
2030
2030
2030
2030
2030
2030
2030
2030
2030
2030
2030
2030
2030
2030
2030
2030
2030
2030
2030
2030
2030
2030
2030
2030
2030
2030
2030
2030
2030
2030
2030
2030
2030
2030
2030
2030
2030
2030
2030
2030
2030
2030
2030
2030
2030
2030
2030
2030
2030
2030
2030
2030
2030
2030
2030
2030
2030
2030
2030
2030
2030
2030
2030
2030
2030
2030
2030
2030
2030
2030
2030
2030
2030
2030
2030
2030
2030
2030
2030
2030
2030
2030
2030
2030
2030
2030
2030
2030
2030
2030
2030
2030
2030
2030
2030
2030
2030
2030
2030
2030
2030
2030
2030
2030
2030
2030
2030
2030
2030
2030
2030
2030
2030
2030
2030
2030
2030
2030
2030
2030
2030
2030
2030
2030
2030
2030
2030
2030
2030
2030
2030
2030
2030
2030
2030
2030
2030
2030
2030
2030
2030
2030
2030
2030
2030
2030
2030
2030
2030
2030
2030
2030
2030
2030
2030
2030
2030
2030
2030
2030
2030
2030
2030
2030
2030
2030
2030
2030
2030
2030
2030
2030
2030
2030
2030
2030
2030
2030
2030
2030
2030
2030
2030
2030
2030
2030
2030
2030
2030
2030
2030
2030
2030
2030
2030
2030
2030
2030
2030
2030
2030
2030
2030
2030
2030
2030
2030
2030
2030
2030
2030
2030
2030
2030
2030
2030
2030
2030
2030
2030
2030
2030
2030
2030
2030
2030
2030
2030
2030
2030
2030
2030
2030
2030
2030
2030
2030
2030
2030
2030
2030
2030
2030
2030
2030
2030
2030
2030
8807
2030
2030
2030
2030
2030
2030
2030
2030
2030
2030
2030
2030
2030
2030
2030
2030
2030
2030
2030
2030
2030
2030
2030
2030
2030
2030
2030
2030
2030
2030
2030
2030
2030
2030
2030
2030
2030
2030
2030
2030
2030
2030
2030
2030
2030
2030
2030
2030
2030
2030
2030
2030
2030
2030
2030
2030
2030
2030
2030
2030
2030
2030
2030
2030
2030
2030
2030
2030
2030
2030
2030
2030
2030
2030
2030
2030
2030
2030
2030
2030
2030
2030
2030
2030
2030
2030
2030
2030
2030
2030
2030
2030
2030
2030
2030
2030
2030
2030
2030
2030
2030
2030
2030
2030
2030
2030
2030
2030
2030
2030
2030
2030
2030
2030
2030
2030
2030
2030
2030
2030
2030
2030
2030
2030
2030
2030
2030
2030
2030
2030
2030
2030
2030
2030
2030
2030
2030
2030
2030
2030
2030
2030
2030
2030
2030
2030
2030
2030
2030
2030
2030
2030
2030
2030
2030
2030
2030
2030
2030
2030
2030
2030
2030
2030
2030
2030
2030
2030
2030
2030
2030
2030
2030
2030
2030
2030
2030
2030
2030
2030
2030
2030
2030
2030
2030
2030
2030
2030
2030
2030
2030
2030
2030
2030
2030
2030
2030
2030
2030
2030
2030
2030
2030
2030
2030
2030
2030
2030
2030
2030
2030
2030
2030
2030
2030
2030
2030
2030
2030
2030
2030
2030
2030
2030
2030
2030
2030
2030
2030
2030
2030
2030
2030
2030
2030
2030
2030
2030
2030
2030
2030
2030
2030
2030
2030
2030
2030
2030
2030
2030
2030
2030
2030
2030
2030
2030
2030
2030
2030
2030
2030
2030
2030
2030
2030
2030
2030
2030
2030
2030
2030
2030
2030
2030
2030
2030
2030
2030
2030
2030
2030
2030
2030
2030
2030
2030
2030
2030
2030
2030
2030
2030
2030
2030
2030
2030
2030
2030
2030
2030
2030
2030
2030
2030
2030
2030
2030
2030
2030
2030
2030
2030
2030
2030
2030
2030
2030
2030
2030
2030
2030
2030
2030
2030
2030
2030
2030
2030
2030
2030
2030
2030
2030
2030
2030
2030
2030
2030
2030
2030
2030
2030
2030
2030
2030
2030
2030
2030
2030
2030
2030
2030
2030
2030
2030
2030
2030
2030
2030
2030
2030
2030
2030
2030
2030
2030
2030
2030
2030
2030
2030
2030
2030
2030
2030
2030
2030
2030
2030
2030
2030
2030
2030
2030
2030
2030
2030
2030
2030
2030
2030
2030
2030
2030
2030
2030
2030
2030
2030
2030
2030
2030
2030
2030
2030
2030
2030
2030
2030
2030
2030
2030
2030
2030
2030
2030
2030
2030
2030
2030
2030
2030
2030
2030
2030
2030
2030
2030
2030
2030
2030
2030
2030
2030
2030
2030
2030
2030
2030
2030
2030
2030
2030
2030
2030
2030
2030
2030
2030
2030
2030
2030
2030
2030
2030
2030
2030
2030
2030
2030
2030
2030
2030
2030
2030
2030
2030
2030
2030
2030
2030
2030
2030
2030
2030
2030
2030
2030
2030
2030
2030
2030
2030
2030
2030
2030
2030
2030
2030
2030
2030
2030
2030
2030
2030
2030
2030
2030
2030
2030
2030
2030
2030
2030
2030
2030
2030
2030
2030
2030
2030
2030
2030
2030
2030
2030
2030
2030
2030
2030
2030
2030
2030
2030
2030
2030
2030
2030
2030
2030
2030
2030
2030
2030
2030
2030
2030
2030
2030
2030
2030
2030
2030
2030
2030
2030
2030
2030
2030
2030
2030
2030
2030
2030
2030
2030
2030
2030
2030
2030
2030
2030
2030
2030
2030
2030
2030
2030
2030
2030
2030
2030
2030
2030
2030
2030
2030
2030
2030
2030
2030
2030
2030
2030
2030
2030
2030
2030
2030
2030
2030
2030
2030
2030
2030
2030
2030
2030
2030
2030
2030
2030
2030
2030
2030
2030
2030
2030
2030
2030
2030
2030
2030
2030
2030
2030
2030
2030
2030
2030
2030
2030
2030
2030
2030
2030
2030
2030
2030
2030
8808
2030
2030
2030
2030
2030
2030
2030
2030
2030
2030
2030
2030
2030
2030
2030
2030
2030
2030
2030
2030
2030
2030
2030
2030
2030
2030
2030
2030
2030
2030
2030
2030
2030
2030
2030
2030
2030
2030
2030
2030
2030
2030
2030
2030
2030
2030
2030
2030
2030
2030
2030
2030
2030
2030
2030
2030
2030
2030
2030
2030
2030
2030
2030
2030
2030
2030
2030
2030
2030
2030
2030
2030
2030
2030
2030
2030
2030
2030
2030
2030
2030
2030
2030
2030
2030
2030
2030
2030
2030
2030
2030
2030
2030
2030
2030
2030
2030
2030
2030
2030
2030
2030
2030
2030
2030
2030
2030
2030
2030
2030
2030
2030
2030
2030
2030
2030
2030
2030
2030
2030
2030
2030
2030
2030
2030
2030
2030
2030
2030
2030
2030
2030
2030
2030
2030
2030
2030
2030
2030
2030
2030
2030
2030
2030
2030
2030
2030
2030
2030
2030
2030
2030
2030
2030
2030
2030
2030
2030
2030
2030
2030
2030
2030
2030
2030
2030
2030
2030
2030
2030
2030
2030
2030
2030
2030
2030
2030
2030
2030
2030
2030
2030
2030
2030
2030
2030
2030
2030
2030
2030
2030
2030
2030
2030
2030
2030
2030
2030
2030
2030
2030
2030
2030
2030
2030
2030
2030
2030
2030
2030
2030
2030
2030
2030
2030
2030
2030
2030
2030
2030
2030
2030
2030
2030
2030
2030
2030
2030
2030
2030
2030
2030
2030
2030
2030
2030
2030
2030
2030
2030
2030
2030
2030
2030
2030
2030
2030
2030
2030
2030
2030
2030
2030
2030
2030
2030
2030
2030
2030
2030
2030
2030
2030
2030
2030
2030
2030
2030
2030
2030
2030
2030
2030
2030
2030
2030
2030
2030
2030
2030
2030
2030
2030
2030
2030
2030
2030
2030
2030
2030
2030
2030
2030
2030
2030
2030
2030
2030
2030
2030
2030
2030
2030
2030
2030
2030
2030
2030
2030
2030
2030
2030
2030
2030
2030
2030
2030
2030
2030
2030
2030
2030
2030
2030
2030
2030
2030
2030
2030
2030
2030
2030
2030
2030
2030
2030
2030
2030
2030
2030
2030
2030
2030
2030
2030
2030
2030
2030
2030
2030
2030
2030
2030
2030
2030
2030
2030
2030
2030
2030
2030
2030
2030
2030
2030
2030
2030
2030
2030
2030
2030
2030
2030
2030
2030
2030
2030
2030
2030
2030
2030
2030
2030
2030
2030
2030
2030
2030
2030
2030
2030
2030
2030
2030
2030
2030
2030
2030
2030
2030
2030
2030
2030
2030
2030
2030
2030
2030
2030
2030
2030
2030
2030
2030
2030
2030
2030
2030
2030
2030
2030
2030
2030
2030
2030
2030
2030
2030
2030
2030
2030
2030
2030
2030
2030
2030
2030
2030
2030
2030
2030
2030
2030
2030
2030
2030
2030
2030
2030
2030
2030
2030
2030
2030
2030
2030
2030
2030
2030
2030
2030
2030
2030
2030
2030
2030
2030
2030
2030
2030
2030
2030
2030
2030
2030
2030
2030
2030
2030
2030
2030
2030
2030
2030
2030
2030
2030
2030
2030
2030
2030
2030
2030
2030
2030
2030
2030
2030
2030
2030
2030
2030
2030
2030
2030
2030
2030
2030
2030
2030
2030
2030
2030
2030
2030
2030
2030
2030
2030
2030
2030
2030
2030
2030
2030
2030
2030
2030
2030
2030
2030
2030
2030
2030
2030
2030
2030
2030
2030
2030
2030
2030
2030
2030
2030
2030
2030
2030
2030
2030
2030
2030
2030
2030
2030
2030
2030
2030
2030
2030
2030
2030
2030
2030
2030
2030
2030
2030
2030
2030
2030
2030
2030
2030
2030
2030
2030
2030
2030
2030
2030
2030
2030
2030
2030
2030
2030
2030
2030
2030
2030
2030
2030
2030
2030
2030
2030
2030
2030
2030
2030
2030
2030
2030
2030
2030
2030
2030
2030
2030
2030
2030
2030
2030
2030
2030
2030
2030
2030
2030
2030
2030
2030
2030
2030
2030
2030
2030
2030
2030
8809
214
210
207
206
207
204
205
205
204
206
207
212
220
232
239
240
241
241
237
236
232
234
231
232
231
229
230
229
229
226
229
226
227
228
226
229
229
228
229
227
229
228
229
227
229
228
228
228
229
229
229
230
229
230
229
232
230
231
231
230
231
232
231
232
233
231
233
232
232
232
233
232
232
232
232
232
230
233
232
232
233
231
233
232
232
232
233
233
235
233
235
236
235
236
234
235
235
234
237
235
236
236
235
236
235
236
236
236
238
238
238
238
239
240
237
239
237
236
236
236
235
234
236
234
234
233
233
234
232
233
232
232
232
233
232
232
232
232
233
232
233
232
232
232
232
232
231
231
231
232
231
232
232
232
231
232
233
232
232
231
230
230
231
231
230
230
230
229
229
231
229
229
229
228
227
230
228
229
229
228
230
229
229
229
230
229
229
229
228
227
225
226
224
226
225
225
225
225
225
225
225
226
225
226
225
226
225
226
225
225
225
225
224
224
223
222
222
221
221
220
221
221
221
221
221
222
221
225
223
225
221
224
222
222
222
222
221
221
220
220
221
218
218
218
220
218
218
218
220
218
219
220
221
219
221
220
218
220
218
220
218
219
220
219
219
219
218
218
220
218
218
218
219
218
217
218
218
218
217
218
216
215
216
215
216
216
215
214
215
214
214
216
214
216
215
217
214
218
215
216
215
218
215
217
215
217
217
218
218
218
218
217
216
216
217
214
216
216
216
216
216
216
216
216
214
216
215
218
217
218
215
217
215
215
214
214
214
213
214
214
214
211
213
211
212
212
213
214
213
214
214
215
215
215
217
216
215
216
216
215
218
217
216
216
215
218
214
215
214
215
214
214
214
214
215
215
217
214
218
215
216
218
215
215
218
216
216
215
216
212
214
214
214
214
213
214
213
213
214
214
211
214
213
214
214
216
214
217
215
216
215
215
216
214
216
215
215
214
213
214
214
216
214
217
215
217
218
215
217
215
216
215
216
215
216
215
214
216
215
216
217
216
217
216
212
214
216
214
214
214
213
214
213
213
214
214
212
214
212
212
213
214
214
217
216
216
216
216
215
215
214
214
214
214
214
213
214
214
214
214
215
215
214
214
215
217
217
217
218
218
217
218
217
216
215
216
214
216
214
216
214
215
215
214
214
214
215
214
215
214
213
214
214
214
214
214
215
214
214
214
214
214
213
212
214
213
212
213
214
214
214
214
214
217
215
217
218
218
216
219
216
217
214
216
213
216
213
217
213
214
214
215
214
215
214
213
214
214
214
215
214
214
214
214
216
213
213
211
212
214
212
214
210
213
211
215
214
214
214
218
215
218
216
215
218
218
217
216
216
215
216
214
215
215
214
215
214
216
214
214
216
215
217
217
217
215
218
214
216
214
217
213
216
213
213
213
213
210
213
212
211
214
214
213
214
213
214
214
215
217
8810
780
840
880
900
920
930
940
950
960
970
970
970
970
960
960
960
960
960
960
960
970
970
970
980
980
980
990
990
990
1000
1000
1000
1010
1010
1010
1020
1020
1020
1020
1020
1020
1030
1030
1030
1030
1030
1040
1040
1040
1040
1040
1050
1050
1050
1050
1050
1050
1050
1060
1060
1060
1060
1060
1060
1060
1060
1060
1060
1060
1060
1060
1060
1060
1060
1060
1060
1060
1060
1050
1050
1050
1050
1050
1050
1050
1050
1050
1050
1050
1050
1050
1050
1050
1040
1040
1040
1040
1040
1040
1040
1040
1040
1040
1040
1040
1040
1040
1040
1030
1030
1030
1030
1030
1030
1030
1030
1030
1030
1030
1030
1020
1020
1020
1020
1020
1020
1020
1020
1020
1020
1020
1020
1020
1020
1010
1010
1010
1010
1010
1010
1010
1010
1010
1010
1010
1010
1000
1000
1000
1000
1000
1000
1000
1000
1000
1000
1000
1000
1000
1000
1000
990
990
990
990
990
990
990
990
990
990
990
990
990
990
980
980
980
980
980
980
980
980
980
980
980
980
980
980
980
980
980
980
980
980
980
970
970
970
970
970
970
970
970
970
970
970
970
970
970
970
970
970
970
970
970
970
970
960
950
950
950
950
940
950
950
950
950
940
940
940
950
940
940
940
940
940
940
940
940
940
940
940
940
940
940
940
940
940
940
950
950
950
960
970
980
980
990
990
1000
1010
1020
1040
1050
1070
1080
1090
1090
1100
1110
1120
1130
1130
1140
1140
1150
1150
1160
1160
1170
1170
1170
1180
1180
1180
1190
1190
1200
1200
1210
1210
1220
1220
1220
1230
1230
1240
1240
1250
1250
1260
1260
1270
1270
1280
1280
1290
1300
1300
1320
1330
1330
1340
1350
1360
1370
1370
1380
1380
1390
1390
1400
1400
1400
1400
1410
1410
1410
1410
1410
1420
1420
1420
1420
1420
1420
1420
1420
1430
1430
1430
1430
1430
1430
1430
1430
1430
1430
1430
1430
1430
1430
1440
1440
1440
1440
1440
1440
1440
1440
1440
1440
1440
1440
1440
1440
1440
1440
1440
1440
1440
1440
1440
1440
1450
1440
1450
1450
1450
1450
1450
1450
1450
1450
1450
1450
1450
1450
1450
1450
1450
1450
1450
1450
1450
1450
1450
1450
1450
1450
1450
1450
1450
1450
1450
1450
1450
1460
1460
1460
1460
1460
1460
1460
1460
1460
1460
1460
1460
1460
1460
1460
1460
1460
1460
1460
1460
1460
1460
1460
1460
1460
1460
1460
1460
1460
1460
1460
1460
1460
1460
1460
1460
1460
1460
1460
1460
1460
1460
1460
1460
1460
1460
1460
1460
1460
1460
1460
1460
1460
1460
1470
1460
1460
1470
1460
1470
1470
1470
1470
1470
1470
1470
1470
1470
1470
1470
1470
1470
1470
1470
1470
1470
1470
1470
1470
1470
1470
1470
1470
1470
1470
1470
1470
1470
1470
1470
1470
1470
1470
1470
1470
1470
1470
1470
1470
1470
1470
1470
1470
1470
1470
1470
1470
1470
1470
1470
1470
1470
1470
1470
1470
1470
1470
1470
1470
1470
1470
1470
1470
1470
1470
1470
1480
1480
1480
1480
1480
1480
1480
1480
1480
1480
1480
1480
1480
1480
1480
1480
1480
1480
1480
1480
1480
1480
1480
1480
1480
1480
1480
1480
1480
1480
1480
1480
1480
1480
1480
1480
1480
1480
1480
1480
1480
1480
1480
1480
1480
1480
1480
1480
1480
1480
1480
1480
1480
1480
1480
1480
1480
1480
1480
1480
1480
1480
1480
1480
1480
1480
1480
1480
1480
1480
1480
1480
1480
1480
1480
1480
1480
1480
1480
1480
1480
1480
1480
1480
1480
1480
1480
1480
1480
1480
1480
1480
1480
1480
1480
1480
1480
8811
20871
20387
20140
20057
20022
8816
3799
1904
1113
540
359
205
145
118
102
105
111
102
110
100
107
99
107
109
107
99
109
102
112
105
113
109
103
116
110
103
100
114
110
105
102
101
102
103
103
104
105
106
108
109
110
112
113
114
116
116
116
118
118
118
117
118
118
118
118
118
118
118
118
118
118
118
118
118
118
118
118
118
118
118
118
118
118
118
118
118
118
117
116
116
116
116
116
116
116
116
116
116
116
116
114
114
114
114
114
114
114
113
113
113
113
113
112
112
112
110
110
111
111
111
111
110
110
109
110
110
109
108
108
107
106
106
105
105
106
105
104
105
105
103
104
103
102
103
103
102
101
101
100
102
100
100
114
112
106
103
101
103
113
109
103
100
114
109
103
100
113
106
102
114
108
102
114
110
103
114
108
103
113
106
100
109
103
113
105
114
107
100
109
101
109
102
109
102
110
101
110
101
108
105
106
114
103
111
100
106
114
103
110
106
103
110
99
104
110
108
103
106
112
100
105
109
112
99
102
106
110
112
105
101
103
104
105
106
109
111
111
112
109
108
106
106
100
100
99
100
99
100
103
110
111
111
110
110
107
105
103
102
100
110
110
106
104
103
105
110
108
104
102
110
108
104
100
111
106
102
108
109
103
100
110
103
99
107
102
110
105
100
109
103
109
105
100
108
102
110
102
110
101
110
102
110
101
109
104
105
106
103
107
100
106
102
103
110
100
103
110
100
104
108
103
102
105
109
100
104
106
109
100
102
105
108
105
100
102
105
106
108
100
100
102
103
105
106
107
107
104
103
99
100
101
101
102
101
101
102
102
102
103
102
102
102
101
101
100
100
100
100
104
108
108
109
106
106
105
105
103
102
102
100
100
107
108
106
105
103
102
100
99
106
106
106
103
102
100
100
108
108
106
104
102
100
103
106
106
104
100
101
106
106
103
100
106
106
104
102
99
108
105
101
103
106
104
100
106
105
103
100
108
105
102
101
106
103
100
106
103
100
105
106
102
101
105
101
105
105
102
100
106
102
99
106
102
100
106
102
107
105
101
99
105
102
106
104
100
106
101
106
105
102
105
100
106
103
106
105
99
106
101
107
102
106
104
99
106
100
106
101
106
102
104
102
106
103
100
104
99
105
100
106
100
106
101
106
101
106
102
106
102
106
102
104
102
101
104
105
103
99
103
106
103
107
102
107
102
106
102
106
101
106
99
106
103
103
106
103
106
100
105
103
103
106
100
104
99
103
106
103
105
100
105
106
102
106
102
106
99
102
106
102
105
99
103
103
103
106
100
104
106
103
106
100
105
102
102
106
100
103
108
100
105
99
102
105
101
102
105
106
100
104
106
100
103
106
102
105
106
101
105
103
102
105
101
103
104
108
100
104
104
100
104
106
99
103
106
100
103
106
100
104
106
100
104
106
100
104
106
100
103
105
8812
0
0
0
0
0
0
0
0
1
2
4
5
6
8
9
10
12
13
15
16
17
19
20
22
23
25
26
27
29
30
32
33
35
36
37
39
40
42
43
45
46
48
49
51
52
54
55
57
58
60
61
63
64
66
67
69
70
72
73
75
76
78
79
81
82
84
85
87
88
90
91
93
94
96
97
99
100
102
103
105
106
108
109
111
112
114
115
117
118
120
121
123
124
126
127
129
130
132
133
135
136
138
139
141
142
144
145
147
148
150
151
153
155
156
158
159
161
162
164
165
167
168
170
171
173
174
176
177
179
180
182
183
185
186
188
189
191
192
194
195
197
198
200
201
203
204
206
207
209
210
212
213
215
216
218
219
221
222
224
225
227
228
230
231
233
234
236
237
239
240
242
243
245
246
248
249
251
252
254
255
257
258
260
261
263
264
266
267
269
270
272
273
275
276
278
279
281
282
284
285
287
288
290
291
293
294
296
297
299
300
302
303
305
306
308
310
311
313
314
316
317
319
320
322
323
325
326
328
329
331
332
334
335
337
338
340
341
343
344
346
347
349
350
352
353
355
356
358
359
361
362
364
365
367
368
370
371
373
374
376
377
379
380
382
383
385
386
388
389
391
392
394
395
397
398
400
401
403
404
406
407
409
410
412
413
415
416
418
419
420
422
423
425
426
428
429
431
432
434
435
437
438
440
441
443
444
446
447
449
450
452
453
455
456
458
459
461
462
464
465
467
468
470
471
473
474
476
477
478
480
481
483
484
486
487
489
490
492
493
495
496
498
499
501
502
504
505
507
508
510
511
513
514
516
517
519
520
522
523
525
526
528
529
530
532
533
535
536
538
539
541
542
544
545
547
548
550
551
553
554
556
557
559
560
562
563
565
566
568
569
571
572
574
575
577
578
580
581
583
584
586
587
589
590
591
593
594
596
597
599
600
602
603
605
606
608
609
611
612
614
615
617
618
620
621
623
624
626
627
629
630
632
633
635
636
638
639
641
642
644
645
647
648
650
651
653
654
656
657
659
660
662
663
664
666
667
669
670
672
673
675
676
678
679
681
682
684
685
687
688
690
691
693
694
696
697
699
700
702
703
705
706
708
709
711
712
714
715
717
718
720
721
723
724
726
727
729
730
732
733
735
736
738
739
741
742
744
745
747
748
750
751
753
754
755
757
758
760
761
763
764
766
767
769
770
772
773
775
776
778
779
781
782
784
785
787
788
790
791
793
794
796
797
799
800
802
803
805
806
808
809
811
812
814
815
817
818
820
821
823
824
826
827
829
830
832
833
835
836
838
839
841
842
844
845
847
848
850
851
853
854
856
857
859
860
862
863
865
866
868
869
871
872
874
875
876
878
879
881
882
884
885
887
888
890
891
893
894
896
897
899
900
902
903
905
906
908
909
911
912
914
915
917
918
920
921
923
924
926
927
8813
3335
3196
3022
2868
2711
2547
2402
2284
2192
2068
1998
1902
1843
1807
1782
1788
1797
1783
1795
1780
1791
1777
1790
1794
1791
1778
1794
1782
1799
1787
1800
1794
1784
1804
1795
1784
1779
1802
1795
1788
1783
1781
1782
1784
1784
1786
1788
1789
1793
1794
1796
1799
1800
1802
1804
1804
1804
1807
1807
1807
1806
1807
1807
1807
1807
1808
1807
1807
1808
1808
1808
1807
1808
1808
1808
1808
1808
1808
1808
1808
1807
1807
1807
1807
1807
1807
1807
1806
1804
1804
1805
1805
1805
1805
1805
1804
1804
1804
1804
1804
1801
1802
1801
1802
1801
1801
1802
1800
1800
1800
1800
1800
1798
1799
1798
1796
1796
1797
1797
1797
1797
1795
1795
1794
1795
1795
1794
1793
1793
1791
1790
1790
1788
1788
1789
1788
1786
1787
1787
1785
1786
1785
1783
1784
1784
1783
1781
1781
1780
1783
1780
1779
1802
1799
1789
1785
1781
1784
1800
1794
1784
1780
1802
1794
1785
1780
1800
1790
1782
1801
1793
1783
1801
1795
1785
1802
1793
1784
1800
1789
1779
1794
1785
1800
1788
1802
1791
1779
1794
1781
1794
1782
1794
1782
1796
1781
1795
1781
1793
1788
1790
1801
1785
1797
1780
1789
1802
1785
1795
1790
1785
1795
1778
1786
1795
1793
1784
1790
1799
1780
1787
1794
1799
1778
1783
1789
1795
1799
1787
1781
1785
1786
1788
1789
1794
1797
1797
1798
1794
1793
1789
1790
1779
1779
1778
1779
1778
1779
1785
1795
1797
1797
1796
1795
1791
1787
1785
1782
1779
1795
1795
1789
1786
1785
1787
1796
1793
1786
1782
1795
1793
1786
1780
1797
1789
1782
1793
1794
1784
1779
1795
1784
1777
1791
1783
1795
1788
1779
1794
1784
1794
1788
1780
1793
1782
1795
1783
1795
1781
1795
1782
1795
1781
1794
1786
1787
1789
1785
1791
1780
1790
1782
1784
1795
1780
1785
1795
1780
1786
1793
1785
1783
1788
1794
1780
1786
1790
1794
1780
1783
1788
1793
1787
1779
1782
1787
1789
1793
1779
1780
1783
1785
1788
1789
1791
1791
1786
1784
1778
1779
1781
1781
1782
1781
1781
1782
1783
1782
1784
1782
1782
1783
1781
1781
1780
1780
1780
1780
1786
1793
1793
1794
1790
1790
1788
1787
1785
1783
1782
1779
1779
1793
1793
1790
1787
1785
1782
1780
1778
1790
1790
1789
1784
1783
1780
1779
1793
1793
1789
1786
1783
1779
1784
1789
1790
1786
1780
1781
1790
1789
1785
1779
1790
1789
1786
1782
1778
1793
1788
1781
1784
1790
1786
1780
1790
1788
1784
1779
1793
1788
1782
1781
1789
1785
1779
1790
1785
1779
1788
1790
1783
1781
1787
1781
1787
1787
1782
1780
1789
1783
1778
1789
1782
1779
1789
1783
1791
1788
1781
1778
1788
1782
1789
1786
1779
1790
1781
1790
1787
1782
1788
1780
1790
1784
1789
1788
1778
1790
1781
1791
1783
1790
1786
1778
1789
1780
1790
1781
1790
1783
1786
1783
1790
1785
1780
1786
1778
1788
1780
1790
1780
1789
1781
1789
1781
1789
1783
1790
1783
1790
1783
1787
1783
1781
1786
1788
1785
1777
1785
1790
1785
1791
1783
1790
1783
1790
1783
1790
1781
1790
1778
1789
1785
1784
1790
1784
1789
1780
1787
1785
1784
1790
1780
1786
1778
1785
1789
1784
1788
1780
1788
1790
1783
1789
1782
1789
1778
1783
1789
1783
1787
1777
1785
1785
1784
1790
1779
1786
1790
1784
1789
1780
1787
1783
1783
1789
1779
1785
1793
1780
1788
1777
1783
1787
1781
1783
1787
1789
1780
1786
1789
1780
1785
1789
1782
1788
1790
1781
1787
1785
1782
1787
1781
1784
1786
1793
1780
1786
1786
1779
1786
1789
1778
1784
1789
1780
1785
1789
1780
1786
1790
1780
1786
1790
1779
1786
1790
1779
1784
1788
8814
5
6
6
6
6
6
6
6
6
6
6
6
6
6
6
6
6
6
6
6
6
6
6
6
6
6
6
6
6
6
6
6
6
6
6
6
6
6
6
6
6
6
6
6
6
6
6
6
6
6
6
6
6
6
6
6
6
6
6
6
6
6
6
6
6
6
6
6
6
6
6
6
6
6
6
6
6
6
6
6
6
6
6
6
6
6
6
6
6
6
6
6
6
6
6
6
6
6
6
6
6
6
6
6
6
6
6
6
6
6
6
6
6
6
6
6
6
6
6
6
6
6
6
6
6
6
6
6
6
6
6
6
6
6
6
6
6
6
6
6
6
6
6
6
6
6
6
6
6
6
6
6
6
6
6
6
6
6
6
6
6
6
6
6
6
6
6
6
6
6
6
6
6
6
6
6
6
6
6
6
6
6
6
6
6
6
6
6
6
6
6
6
6
6
6
6
6
6
6
6
6
6
6
6
6
6
6
6
6
6
6
6
6
6
6
6
6
6
6
6
6
6
6
6
6
6
6
6
6
6
6
6
6
6
6
6
6
6
6
6
6
6
6
6
6
6
6
6
6
6
6
6
6
6
6
6
6
6
6
6
6
6
6
6
6
6
6
6
6
6
6
6
6
6
6
6
6
6
6
6
6
6
6
6
6
6
6
6
6
6
6
6
6
6
6
6
6
6
6
6
6
6
6
6
6
6
6
6
6
6
6
6
6
6
6
6
6
6
6
6
6
6
6
6
6
6
6
6
6
6
6
6
6
6
6
6
6
6
6
6
6
6
6
6
6
6
6
6
6
6
6
6
6
6
6
6
6
6
6
6
6
6
6
6
6
6
6
6
6
6
6
6
6
6
6
6
6
6
6
6
6
6
6
6
6
6
6
6
6
6
6
6
6
6
6
6
6
6
6
6
6
6
6
6
6
6
6
6
6
6
6
6
6
6
6
6
6
6
6
6
6
6
6
6
6
6
6
6
6
6
6
6
6
6
6
6
6
6
6
6
6
6
6
6
6
6
6
6
6
6
6
6
6
6
6
6
6
6
6
6
6
6
6
6
6
6
6
6
6
6
6
6
6
6
6
6
6
6
6
6
6
6
6
6
6
6
6
6
6
6
6
6
6
6
6
6
6
6
6
6
6
6
6
6
6
6
6
6
6
6
6
6
6
6
6
6
6
6
6
6
6
6
6
6
6
6
6
6
6
6
6
6
6
6
6
6
6
6
6
6
6
6
6
6
6
6
6
6
6
6
6
6
6
6
6
6
6
6
6
6
6
6
6
6
6
6
6
6
6
6
6
6
6
6
6
6
6
6
6
6
6
6
6
6
6
6
6
6
6
6
6
6
6
6
6
6
6
6
6
6
6
6
6
6
6
6
6
6
6
6
6
6
6
6
6
6
6
6
6
6
6
6
6
6
6
6
6
6
6
6
8815
8135
8135
8135
8135
8135
8135
8135
8135
8135
8135
8135
8135
8135
8135
8135
8135
8135
8135
8135
8135
8135
8135
8135
8135
8135
8135
8135
8135
8135
8135
8135
8135
8135
8135
8135
8135
8135
8135
8135
8135
8135
8135
8135
8135
8135
8135
8135
8135
8135
8135
8135
8135
8135
8135
8135
8135
8135
8135
8135
8135
8135
8135
8135
8135
8135
8135
8135
8135
8135
8135
8135
8135
8135
8135
8135
8135
8135
8135
8135
8135
8135
8135
8135
8135
8135
8135
8135
8135
8135
8135
8135
8135
8135
8135
8135
8135
8135
8135
8135
8135
8135
8135
8135
8135
8135
8135
8135
8135
8135
8135
8135
8135
8135
8135
8135
8135
8135
8135
8135
8135
8135
8135
8135
8135
8135
8135
8135
8135
8135
8135
8135
8135
8135
8135
8135
8135
8135
8135
8135
8135
8135
8135
8135
8135
8135
8135
8135
8135
8135
8135
8135
8135
8135
8135
8135
8135
8135
8135
8135
8135
8135
8135
8135
8135
8135
8135
8135
8135
8135
8135
8135
8135
8135
8135
8135
8135
8135
8135
8135
8135
8135
8135
8135
8135
8135
8135
8135
8135
8135
8135
8135
8135
8135
8135
8135
8135
8135
8135
8135
8135
8135
8135
8135
8135
8135
8135
8135
8135
8135
8135
8135
8135
8135
8135
8135
8135
8135
8135
8135
8135
8135
8135
8135
8135
8135
8135
8135
8135
8135
8135
8135
8135
8135
8135
8135
8135
8135
8135
8135
8135
8135
8135
8135
8135
8135
8135
8135
8135
8135
8135
8135
8135
8135
8135
8135
8135
8135
8135
8135
8135
8135
8135
8135
8135
8135
8135
8135
8135
8135
8135
8135
8135
8135
8135
8135
8135
8135
8135
8135
8135
8135
8135
8135
8135
8135
8135
8135
8135
8135
8135
8135
8135
8135
8135
8135
8135
8135
8135
8135
8135
8135
8135
8135
8135
8135
8135
8135
8135
8135
8135
8135
8135
8135
8135
8135
8135
8135
8135
8135
8135
8135
8135
8135
8135
8135
8135
8135
8135
8135
8135
8135
8135
8135
8135
8135
8135
8135
8135
8135
8135
8135
8135
8135
8135
8135
8135
8135
8135
8135
8135
8135
8135
8135
8135
8135
8135
8135
8135
8135
8135
8135
8135
8135
8135
8135
8135
8135
8135
8135
8135
8135
8135
8135
8135
8135
8135
8135
8135
8135
8135
8135
8135
8135
8135
8135
8135
8135
8135
8135
8135
8135
8135
8135
8135
8135
8135
8135
8135
8135
8135
8135
8135
8135
8135
8135
8135
8135
8135
8135
8135
8135
8135
8135
8135
8135
8135
8135
8135
8135
8135
8135
8135
8135
8135
8135
8135
8135
8135
8135
8135
8135
8135
8135
8135
8135
8135
8135
8135
8135
8135
8135
8135
8135
8135
8135
8135
8135
8135
8135
8135
8135
8135
8135
8135
8135
8135
8135
8135
8135
8135
8135
8135
8135
8135
8135
8135
8135
8135
8135
8135
8135
8135
8135
8135
8135
8135
8135
8135
8135
8135
8135
8135
8135
8135
8135
8135
8135
8135
8135
8135
8135
8135
8135
8135
8135
8135
8135
8135
8135
8135
8135
8135
8135
8135
8135
8135
8135
8135
8135
8135
8135
8135
8135
8135
8135
8135
8135
8135
8135
8135
8135
8135
8135
8135
8135
8135
8135
8135
8135
8135
8135
8135
8135
8135
8135
8135
8135
8135
8135
8135
8135
8135
8135
8135
8135
8135
8135
8135
8135
8135
8135
8135
8135
8135
8135
8135
8135
8135
8135
8135
8135
8135
8135
8135
8135
8135
8135
8135
8135
8135
8135
8135
8135
8135
8135
8135
8135
8135
8135
8135
8135
8135
8135
8135
8135
8135
8135
8135
8135
8135
8135
8135
8135
8135
8135
8135
8135
8135
8135
8135
8135
8135
8135
8135
8135
8135
8135
8135
8135
8135
8135
8135
8135
8135
8135
8135
8135
8135
8135
8135
8135
8135
8135
8135
8135
8135
8135
8135
8135
8135
8816
49668
57872
57872
57872
57872
57872
57872
57872
61952
61952
61952
61952
61952
61952
61952
61952
61952
61952
61952
61952
61952
61952
61952
61952
61952
61952
61952
61952
61952
61952
61952
61952
61952
61952
61952
61952
61952
61952
61952
61952
61952
61952
61952
61952
61952
61952
61952
61952
61952
61952
61952
61952
61952
61952
61952
61952
61952
61952
61952
61952
61952
61952
61952
61952
61952
61952
61952
61952
61952
61952
61952
61952
61952
61952
61952
61952
61952
61952
61952
61952
61952
61952
61952
61952
61952
61952
61952
61952
61952
61952
61952
61952
61952
61952
61952
61952
61952
61952
61952
61952
61952
61952
61952
61952
61952
61952
61952
61952
61952
61952
61952
61952
61952
61952
61952
61952
61952
61952
61952
61952
61952
61952
61952
61952
61952
61952
61952
61952
61952
61952
61952
61952
61952
61952
61952
61952
61952
61952
61952
61952
61952
61952
61952
61952
61952
61952
61952
61952
61952
61952
61952
61952
61952
61952
61952
61952
61952
61952
61952
61952
61952
61952
61952
61952
61952
61952
61952
61952
61952
61952
61952
61952
61952
61952
61952
61952
61952
61952
61952
61952
61952
61952
61952
61952
61952
61952
61952
61952
61952
61952
61952
61952
61952
61952
61952
61952
61952
61952
61952
61952
61952
61952
61952
61952
61952
61952
61952
61952
61952
61952
61952
61952
61952
61952
61952
61952
61952
61952
61952
61952
61952
61952
61952
61952
61952
61952
61952
61952
61952
61952
61952
61952
61952
61952
61952
61952
61952
61952
61952
61952
61952
61952
61952
61952
61952
61952
61952
61952
61952
61952
61952
61952
61952
61952
61952
61952
61952
61952
61952
61952
61952
61952
61952
61952
61952
61952
61952
61952
61952
61952
61952
61952
61952
61952
61952
61952
61952
61952
61952
61952
61952
61952
61952
61952
61952
61952
61952
61952
61952
61952
61952
61952
61952
61952
61952
61952
61952
61952
61952
61952
61952
61952
61952
61952
61952
61952
61952
61952
61952
61952
61952
61952
61952
61952
61952
61952
61952
61952
61952
61952
61952
61952
61952
61952
61952
61952
61952
61952
61952
61952
61952
61952
61952
61952
61952
61952
61952
61952
61952
61952
61952
61952
61952
61952
61952
61952
61952
61952
61952
61952
61952
61952
61952
61952
61952
61952
61952
61952
61952
61952
61952
61952
61952
61952
61952
61952
61952
61952
61952
61952
61952
61952
61952
61952
61952
61952
61952
61952
61952
61952
61952
61952
61952
61952
61952
61952
61952
61952
61952
61952
61952
61952
61952
61952
61952
61952
61952
61952
61952
61952
61952
61952
61952
61952
61952
61952
61952
61952
61952
61952
61952
61952
61952
61952
61952
61952
61952
61952
61952
61952
61952
61952
61952
61952
61952
61952
61952
61952
61952
61952
61952
61952
61952
61952
61952
61952
61952
61952
61952
61952
61952
61952
61952
61952
61952
61952
61952
61952
61952
61952
61952
61952
61952
61952
61952
61952
61952
61952
61952
61952
61952
61952
61952
61952
61952
61952
61952
61952
61952
61952
61952
61952
61952
61952
61952
61952
61952
61952
61952
61952
61952
61952
61952
61952
61952
61952
61952
61952
61952
61952
61952
61952
61952
61952
61952
61952
61952
61952
61952
61952
61952
61952
61952
61952
61952
61952
61952
61952
61952
61952
61952
61952
61952
61952
61952
61952
61952
61952
61952
61952
61952
61952
61952
61952
61952
61952
61952
61952
61952
61952
61952
61952
61952
61952
61952
61952
61952
61952
61952
61952
61952
61952
61952
61952
61952
61952
61952
61952
61952
61952
61952
61952
61952
61952
61952
61952
61952
61952
61952
61952
61952
61952
61952
61952
61952
61952
61952
61952
61952
61952
61952
61952
61952
61952
61952
61952
61952
61952
61952
61952
61952
61952
61952
61952
61952
61952
61952
61952
61952
61952
61952
61952
61952
61952
61952
61952
61952
61952
61952
61952
61952
61952
61952
61952
61952
61952
61952
61952
61952
61952
61952
61952
61952
61952
61952
61952
61952
61952
61952
61952
61952
61952
61952
61952
61952
61952
61952
61952
61952
61952
8817
12:58-6/10
12:59-6/10
13:00-6/10
13:02-6/10
13:03-6/10
13:04-6/10
13:05-6/10
13:06-6/10
13:08-6/10
13:09-6/10
13:10-6/10
13:12-6/10
13:13-6/10
13:14-6/10
13:16-6/10
13:17-6/10
13:19-6/10
13:20-6/10
13:21-6/10
13:23-6/10
13:24-6/10
13:26-6/10
13:27-6/10
13:28-6/10
13:30-6/10
13:31-6/10
13:33-6/10
13:34-6/10
13:36-6/10
13:37-6/10
13:38-6/10
13:40-6/10
13:41-6/10
13:43-6/10
13:44-6/10
13:46-6/10
13:47-6/10
13:49-6/10
13:50-6/10
13:52-6/10
13:53-6/10
13:54-6/10
13:56-6/10
13:57-6/10
13:59-6/10
14:00-6/10
14:02-6/10
14:03-6/10
14:05-6/10
14:06-6/10
14:08-6/10
14:09-6/10
14:11-6/10
14:12-6/10
14:14-6/10
14:15-6/10
14:17-6/10
14:18-6/10
14:20-6/10
14:21-6/10
14:23-6/10
14:24-6/10
14:26-6/10
14:27-6/10
14:29-6/10
14:30-6/10
14:32-6/10
14:33-6/10
14:35-6/10
14:36-6/10
14:38-6/10
14:40-6/10
14:41-6/10
14:43-6/10
14:44-6/10
14:46-6/10
14:47-6/10
14:49-6/10
14:50-6/10
14:52-6/10
14:53-6/10
14:55-6/10
14:56-6/10
14:58-6/10
14:59-6/10
15:01-6/10
15:02-6/10
15:04-6/10
15:05-6/10
15:07-6/10
15:08-6/10
15:10-6/10
15:11-6/10
15:13-6/10
15:14-6/10
15:16-6/10
15:17-6/10
15:19-6/10
15:20-6/10
15:22-6/10
15:23-6/10
15:25-6/10
15:26-6/10
15:28-6/10
15:29-6/10
15:31-6/10
15:32-6/10
15:34-6/10
15:35-6/10
15:37-6/10
15:38-6/10
15:40-6/10
15:41-6/10
15:43-6/10
15:44-6/10
15:46-6/10
15:47-6/10
15:49-6/10
15:50-6/10
15:52-6/10
15:53-6/10
15:55-6/10
15:56-6/10
15:58-6/10
15:59-6/10
16:01-6/10
16:02-6/10
16:04-6/10
16:05-6/10
16:07-6/10
16:08-6/10
16:10-6/10
16:11-6/10
16:13-6/10
16:14-6/10
16:16-6/10
16:17-6/10
16:19-6/10
16:20-6/10
16:22-6/10
16:23-6/10
16:25-6/10
16:26-6/10
16:28-6/10
16:29-6/10
16:31-6/10
16:32-6/10
16:34-6/10
16:35-6/10
16:37-6/10
16:38-6/10
16:40-6/10
16:41-6/10
16:43-6/10
16:44-6/10
16:46-6/10
16:47-6/10
16:49-6/10
16:50-6/10
16:52-6/10
16:53-6/10
16:55-6/10
16:56-6/10
16:58-6/10
16:59-6/10
17:01-6/10
17:02-6/10
17:04-6/10
17:05-6/10
17:07-6/10
17:09-6/10
17:10-6/10
17:12-6/10
17:13-6/10
17:15-6/10
17:16-6/10
17:18-6/10
17:19-6/10
17:21-6/10
17:22-6/10
17:24-6/10
17:25-6/10
17:27-6/10
17:28-6/10
17:30-6/10
17:31-6/10
17:33-6/10
17:34-6/10
17:36-6/10
17:37-6/10
17:39-6/10
17:40-6/10
17:42-6/10
17:43-6/10
17:45-6/10
17:46-6/10
17:48-6/10
17:49-6/10
17:51-6/10
17:52-6/10
17:54-6/10
17:55-6/10
17:57-6/10
17:58-6/10
18:00-6/10
18:01-6/10
18:03-6/10
18:04-6/10
18:06-6/10
18:07-6/10
18:09-6/10
18:10-6/10
18:12-6/10
18:13-6/10
18:15-6/10
18:16-6/10
18:18-6/10
18:19-6/10
18:21-6/10
18:22-6/10
18:24-6/10
18:25-6/10
18:27-6/10
18:28-6/10
18:30-6/10
18:31-6/10
18:33-6/10
18:34-6/10
18:36-6/10
18:37-6/10
18:39-6/10
18:40-6/10
18:42-6/10
18:43-6/10
18:45-6/10
18:46-6/10
18:48-6/10
18:49-6/10
18:51-6/10
18:52-6/10
18:54-6/10
18:55-6/10
18:57-6/10
18:58-6/10
19:00-6/10
19:01-6/10
19:03-6/10
19:04-6/10
19:06-6/10
19:07-6/10
19:09-6/10
19:10-6/10
19:12-6/10
19:13-6/10
19:15-6/10
19:16-6/10
19:18-6/10
19:19-6/10
19:21-6/10
19:22-6/10
19:24-6/10
19:25-6/10
19:27-6/10
19:28-6/10
19:30-6/10
19:31-6/10
19:33-6/10
19:34-6/10
19:36-6/10
19:37-6/10
19:39-6/10
19:40-6/10
19:42-6/10
19:43-6/10
19:45-6/10
19:46-6/10
19:48-6/10
19:49-6/10
19:51-6/10
19:52-6/10
19:54-6/10
19:55-6/10
19:57-6/10
19:58-6/10
20:00-6/10
20:01-6/10
20:03-6/10
20:04-6/10
20:06-6/10
20:07-6/10
20:09-6/10
20:10-6/10
20:12-6/10
20:13-6/10
20:15-6/10
20:16-6/10
20:18-6/10
20:19-6/10
20:21-6/10
20:22-6/10
20:24-6/10
20:25-6/10
20:27-6/10
20:28-6/10
20:30-6/10
20:31-6/10
20:33-6/10
20:34-6/10
20:36-6/10
20:37-6/10
20:39-6/10
20:40-6/10
20:41-6/10
20:43-6/10
20:44-6/10
20:46-6/10
20:47-6/10
20:49-6/10
20:50-6/10
20:52-6/10
20:53-6/10
20:55-6/10
20:56-6/10
20:58-6/10
20:59-6/10
21:01-6/10
21:02-6/10
21:04-6/10
21:05-6/10
21:07-6/10
21:08-6/10
21:10-6/10
21:11-6/10
21:13-6/10
21:14-6/10
21:16-6/10
21:17-6/10
21:19-6/10
21:20-6/10
21:22-6/10
21:23-6/10
21:25-6/10
21:26-6/10
21:28-6/10
21:29-6/10
21:30-6/10
21:32-6/10
21:33-6/10
21:35-6/10
21:36-6/10
21:38-6/10
21:39-6/10
21:41-6/10
21:42-6/10
21:44-6/10
21:45-6/10
21:47-6/10
21:48-6/10
21:50-6/10
21:51-6/10
21:53-6/10
21:54-6/10
21:56-6/10
21:57-6/10
21:59-6/10
22:00-6/10
22:02-6/10
22:03-6/10
22:05-6/10
22:06-6/10
22:08-6/10
22:09-6/10
22:11-6/10
22:12-6/10
22:14-6/10
22:15-6/10
22:17-6/10
22:18-6/10
22:20-6/10
22:21-6/10
22:23-6/10
22:24-6/10
22:26-6/10
22:27-6/10
22:28-6/10
22:30-6/10
22:31-6/10
22:33-6/10
22:34-6/10
22:36-6/10
22:37-6/10
22:39-6/10
22:40-6/10
22:42-6/10
22:43-6/10
22:45-6/10
22:46-6/10
22:48-6/10
22:49-6/10
22:51-6/10
22:52-6/10
22:54-6/10
22:55-6/10
22:57-6/10
22:58-6/10
23:00-6/10
23:01-6/10
23:03-6/10
23:04-6/10
23:06-6/10
23:07-6/10
23:09-6/10
23:10-6/10
23:12-6/10
23:13-6/10
23:15-6/10
23:16-6/10
23:18-6/10
23:19-6/10
23:21-6/10
23:22-6/10
23:24-6/10
23:25-6/10
23:27-6/10
23:28-6/10
23:30-6/10
23:31-6/10
23:33-6/10
23:34-6/10
23:35-6/10
23:37-6/10
23:38-6/10
23:40-6/10
23:41-6/10
23:43-6/10
23:44-6/10
23:46-6/10
23:47-6/10
23:49-6/10
23:50-6/10
23:52-6/10
23:53-6/10
23:55-6/10
23:56-6/10
23:58-6/10
23:59-6/10
00:01-7/10
00:02-7/10
00:04-7/10
00:05-7/10
00:07-7/10
00:08-7/10
00:10-7/10
00:11-7/10
00:13-7/10
00:14-7/10
00:16-7/10
00:17-7/10
00:19-7/10
00:20-7/10
00:22-7/10
00:23-7/10
00:25-7/10
00:26-7/10
00:28-7/10
00:29-7/10
00:31-7/10
00:32-7/10
00:34-7/10
00:35-7/10
00:37-7/10
00:38-7/10
00:40-7/10
00:41-7/10
00:43-7/10
00:44-7/10
00:46-7/10
00:47-7/10
00:49-7/10
00:50-7/10
00:52-7/10
00:53-7/10
00:55-7/10
00:56-7/10
00:57-7/10
00:59-7/10
01:00-7/10
01:02-7/10
01:03-7/10
01:05-7/10
01:06-7/10
01:08-7/10
01:09-7/10
01:11-7/10
01:12-7/10
01:14-7/10
01:15-7/10
01:17-7/10
01:18-7/10
01:20-7/10
01:21-7/10
01:23-7/10
01:24-7/10
01:26-7/10
01:27-7/10
01:29-7/10
01:30-7/10
01:32-7/10
01:33-7/10
01:35-7/10
01:36-7/10
01:38-7/10
01:39-7/10
01:41-7/10
01:42-7/10
01:44-7/10
01:45-7/10
01:47-7/10
01:48-7/10
01:50-7/10
01:51-7/10
01:53-7/10
01:54-7/10
01:56-7/10
01:57-7/10
01:59-7/10
02:00-7/10
02:02-7/10
02:03-7/10
02:05-7/10
02:06-7/10
02:08-7/10
02:09-7/10
02:11-7/10
02:12-7/10
02:14-7/10
02:15-7/10
02:17-7/10
02:18-7/10
02:20-7/10
02:21-7/10
02:23-7/10
02:24-7/10
02:26-7/10
02:27-7/10
02:29-7/10
02:30-7/10
02:32-7/10
02:33-7/10
02:35-7/10
02:36-7/10
02:38-7/10
02:39-7/10
02:41-7/10
02:42-7/10
02:44-7/10
02:45-7/10
02:46-7/10
02:48-7/10
02:49-7/10
02:51-7/10
02:52-7/10
02:54-7/10
02:55-7/10
02:57-7/10
02:58-7/10
03:00-7/10
03:01-7/10
03:03-7/10
03:04-7/10
03:06-7/10
03:07-7/10
03:09-7/10
03:10-7/10
03:12-7/10
03:13-7/10
03:15-7/10
03:16-7/10
03:18-7/10
03:19-7/10
03:21-7/10
03:22-7/10
03:24-7/10
03:25-7/10
03:27-7/10
03:28-7/10
03:30-7/10
03:31-7/10
03:33-7/10
03:34-7/10
03:36-7/10
03:37-7/10
03:39-7/10
03:40-7/10
03:42-7/10
03:43-7/10
03:45-7/10
03:46-7/10
03:48-7/10
03:49-7/10
03:51-7/10
03:52-7/10
03:54-7/10
03:55-7/10
03:57-7/10
03:58-7/10
04:00-7/10
04:01-7/10
04:03-7/10
04:04-7/10
04:06-7/10
04:07-7/10
04:09-7/10
04:10-7/10
04:12-7/10
04:13-7/10
04:15-7/10
04:16-7/10
04:18-7/10
04:19-7/10
04:21-7/10
04:22-7/10
04:24-7/10
04:25-7/10
04:27-7/10
04:28-7/10
04:30-7/10
04:31-7/10
04:33-7/10
04:34-7/10
